--------------------------------------------------------------3420
330.041 590 348.044 580 367.678 570 387.33 560 406.993 550 427.031 540 447.583 530 467.225 520 486.843 510 505.911 500 525.456 490 544.95 480 563.502 470 582.439 460 600.9 450 619.39 440 637.918 430 657.433 420 679.082 410 701.049 400 726.883 390 754.841 380 784.21 370 814.351 360 842.742 350 
1070.58 590 1065.53 580 1059.46 570 1053.39 560 1047.82 550 1041.73 540 1035.84 530 1030.25 520 1024.17 510 1018.11 500 1012.59 490 1006.89 480 1000.97 470 995.6 460 989.804 450 984.552 440 979.348 430 974.679 420 971.115 410 969.483 400 970.208 390 974.072 380 980.705 370 992.136 360 1014.25 350 
1635.86 570 1620.1 560 1590.8 550 1561.61 540 1532.54 530 1504.21 520 1475.86 510 1447.57 500 1419.29 490 1391.15 480 1362.89 470 1334.62 460 1306.36 450 1277.88 440 1249.59 430 1221.28 420 1193.01 410 1165.64 400 1143.01 390 1122.52 380 1105.02 370 1099.3 360 1103.06 350 

 [[[292, 589], [319, 569], [364, 549], [411, 529], [458, 509], [495, 489], [542, 469], [587, 449], [639, 429], [688, 409], [735, 389], [786, 369], [835, 349], [885, 329]], 
 [[1026, 589], [1022, 569], [1016, 549], [999, 529], [1001, 509], [997, 489], [991, 469], [987, 449], [979, 429], [973, 409], [967, 389], [967, 369], [1030, 349]],
[[1639, 569], [1588, 549], [1530, 529], [1465, 509], [1407, 489], [1346, 469], [1288, 449], [1227, 429], [1182, 409], [1133, 389], [1108, 369], [1108, 349]]]}


----------------------------------------------------------------3690
301.838 590 318.508 580 336.932 570 354.479 560 372.903 550 391.665 540 410.089 530 427.636 520 446.06 510 464.484 500 483.247 490 500.794 480 519.219 470 537.643 460 556.405 450 573.952 440 592.376 430 610.597 420 629.021 410 647.445 400 665.87 390 684.091 380 702.515 370 720.939 360 739.16 350 757.396 340 774.942 330 794.056 320 
1100 590 1091.69 580 1082 570 1072.32 560 1062.63 550 1052.94 540 1043.25 530 1033.56 520 1024.56 510 1014.87 500 1005.18 490 995.49 480 985.8 470 976.11 460 966.82 450 957.131 440 947.441 430 937.751 420 928.062 410 919.064 400 909.375 390 899.685 380 889.995 370 880.305 360 870.616 350 860.926 340 851.929 330 842.239 320 
1639 530 1607.24 520 1571.63 510 1536.02 500 1500.42 490 1465.77 480 1430.16 470 1394.55 460 1358.94 450 1323.33 440 1288.69 430 1252.89 420 1217.28 410 1181.67 400 1147.02 390 1111.41 380 1075.81 370 1040.2 360 1004.59 350 968.98 340 934.333 330 898.725 320 

 [[[497, 589], [509, 569], [526, 549], [540, 529], [555, 509], [569, 489], [583, 469], [600, 449], [614, 429], [626, 409], [641, 389], [653, 369], [663, 349], [671, 329], [671, 309]],
  [[1639, 569], [1586, 549], [1524, 529], [1459, 509], [1399, 489], [1336, 469], [1278, 449], [1211, 429], [1149, 409], [1081, 389], [1020, 369], [954, 349], [887, 329], [815, 309]], 
  [[1635, 449], [1524, 429], [1430, 409], [1323, 389], [1221, 369], [1120, 349], [999, 329], [901, 309]]]}
